-1.759253181933319032e-01
-1.704870122876964711e-01
-1.639817370964960774e-01
-1.573608652210656822e-01
-1.506558548409594744e-01
-1.438994627723276798e-01
-1.371250484341379750e-01
-1.303658836896726125e-01
-1.236544976481251251e-01
-1.170220782965374351e-01
-1.104979483244524496e-01
-1.041091286837107499e-01
-9.787999765705897304e-02
-9.183204552156118416e-02
-8.598372313761838692e-02
-8.035037830012319027e-02
-7.494427709534055848e-02
-6.977468829756378055e-02
-6.484802410041143328e-02
-6.016803427987164193e-02
-5.573602310074843302e-02
-5.155109440864179965e-02
-4.761040767495364201e-02
-4.390943538705138066e-02
-4.044222008627734039e-02
-3.720161834598792461e-02
-3.417953231940199649e-02
-3.136712495869777712e-02
-2.875501494316686987e-02
-2.633345192206935220e-02
-2.409247017969348009e-02
-2.202202505866147908e-02
-2.011210608861854765e-02
-1.835283706627874670e-02
-1.673455377798816965e-02
-1.524787154978879400e-02
-1.388373607039993136e-02
-1.263346263704690810e-02
-1.148876579027261098e-02
-1.044177645221466139e-02
-9.485052219421844302e-03
-8.611582914413386594e-03
-7.814786081409912447e-03
-7.088500964917525404e-03
-6.426975553382727364e-03
-5.824855424029930402e-03
-5.277165932306649744e-03
-4.779295648208242535e-03
-4.326977033245357068e-03
-3.916268554454072591e-03
-3.543535614119710814e-03
-3.205431555959153186e-03
-2.898879493522354966e-03
-2.621054605073645100e-03
-2.369365602874064485e-03
-2.141439597049159000e-03
-1.935105915421446443e-03
-1.748380386253313304e-03
-1.579451657278681080e-03
-1.426666360705426727e-03
-1.288518576577449629e-03
-1.163634862437591374e-03
-1.050765277800581529e-03
-9.487733487320864799e-04
-8.566240766865107145e-04
-7.733797022362254780e-04
-6.981871705035622936e-04
-6.302749520226979835e-04
-5.689455209636271179e-04
-5.135655766317477828e-04
-4.635644434596004979e-04
-4.184263951890640986e-04
-3.776842686889960582e-04
-3.409139128083818124e-04
-3.077310496349808570e-04
-2.777882022865568127e-04
-2.507690115754196295e-04
-2.263867393167002238e-04
-2.043819976223984621e-04
-1.845223648235207918e-04
-1.665972332611264425e-04
-1.504134740411608017e-04
-1.358071986242391223e-04
-1.226220001130381521e-04
-1.107162225616241884e-04
-9.997090940997849500e-05
-9.027355293421810052e-05
-8.152127674197137415e-05
-7.362731186536876674e-05
-6.650301244704840710e-05
-6.008096434132009599e-05
-5.429079512543837462e-05
-4.906995499462745943e-05
-4.436585365911414745e-05
-4.012704684883706274e-05
-3.631022593193614019e-05
-3.287201988830282343e-05
-2.977191529175231266e-05
-2.697648008167624997e-05
-2.445541691023093953e-05
6.818776207701807059e-10
