-3.518506363866663797e-08
-3.392060247956088701e-08
-3.262762728778539584e-08
-3.131194953299009184e-08
-2.997976574518725646e-08
-2.863752642785597812e-08
-2.729180078736209621e-08
-2.594914230264206813e-08
-2.461596091593378424e-08
-2.329840599999271911e-08
-2.200226353542273955e-08
-2.073287021267826284e-08
-1.949504602233741188e-08
-1.829304537233173661e-08
-1.713052652762212089e-08
-1.601053821351087888e-08
-1.493552299477054003e-08
-1.390733292836294320e-08
-1.292725645206962615e-08
-1.199605599549610910e-08
-1.111400998075169343e-08
-1.028096069485035757e-08
-9.496364376645499868e-09
-8.759341697126141899e-09
-8.068728340622848555e-09
-7.423123061694194819e-09
-6.820933423654370078e-09
-6.260418385829519796e-09
-5.739726934275701305e-09
-5.256932882988450494e-09
-4.810065436175625637e-09
-4.397136388674045426e-09
-4.016162696930605662e-09
-3.665186520310200633e-09
-3.342290787045284845e-09
-3.045612788121644894e-09
-2.773354416452068896e-09
-2.523790114639653473e-09
-2.295272907123092312e-09
-2.086237925670284080e-09
-1.895204576296430290e-09
-1.720777755240956632e-09
-1.561647036974105622e-09
-1.416585567971820636e-09
-1.284447555555613093e-09
-1.164166122942851994e-09
-1.054749811942051006e-09
-9.552793394099265639e-10
-8.649037887693311380e-10
-7.828370874606483915e-10
-7.083542379882851764e-10
-6.407875602533926200e-10
-5.795230938738938035e-10
-5.239970887963523399e-10
-4.736923258227347874e-10
-4.281351157228893046e-10
-3.868920827674131373e-10
-3.495670394624797479e-10
-3.157982670006903846e-10
-2.852555608315996455e-10
-2.576381370573375288e-10
-2.326716458567464217e-10
-2.101063877934650155e-10
-1.897153132140923538e-10
-1.712916294691745047e-10
-1.546479618622235339e-10
-1.396138480870601598e-10
-1.260351094999170972e-10
-1.137723484000165794e-10
-1.026989946373102136e-10
-9.270099025166971752e-11
-8.367525461629947396e-11
-7.552840938870196908e-11
-6.817567000263702478e-11
-6.154021964709804753e-11
-5.555259580521622416e-11
-5.014955401644005028e-11
-4.527377002122446664e-11
-4.087338605162549868e-11
-3.690193476400581282e-11
-3.331730858880684230e-11
-3.008089328044173100e-11
-2.715992231132767643e-11
-2.452312166015698019e-11
-2.214216723428276337e-11
-1.999327449729438295e-11
-1.805394634993480797e-11
-1.630361162715651273e-11
-1.472492052958103420e-11
-1.330014611336350245e-11
-1.201580893495732481e-11
-1.085783597107130629e-11
-9.813719151121086028e-12
-8.872942138554433922e-12
-8.025217135112075754e-12
-7.261883642314791993e-12
-6.574268170595225042e-12
-5.954268778960199815e-12
-5.395199845775993505e-12
-4.891002439403721701e-12
-4.435867666939925081e-12
