-1.759253154043781131e-01
-1.704870090902100566e-01
-1.639817342220705465e-01
-1.573608625522729954e-01
-1.506558519390576445e-01
-1.438994602388432575e-01
-1.371250456803738693e-01
-1.303658806998745923e-01
-1.236544944917033345e-01
-1.170220751408974497e-01
-1.104979451174709637e-01
-1.041091256242039909e-01
-9.787999502884839331e-02
-9.183204263610564300e-02
-8.598372002379463253e-02
-8.035037538952935487e-02
-7.494427434115565057e-02
-6.977468510487375153e-02
-6.484802128259579967e-02
-6.016803157130293234e-02
-5.573602023314141313e-02
-5.155109139970554671e-02
-4.761040419288667391e-02
-4.390943245031091874e-02
-4.044221724107285171e-02
-3.720161521132303584e-02
-3.417952914135399117e-02
-3.136712177310367611e-02
-2.875501200617366221e-02
-2.633344881754581812e-02
-2.409246703021700187e-02
-2.202202187136679049e-02
-2.011210342302847953e-02
-1.835283435914563874e-02
-1.673455063816909130e-02
-1.524786827243886263e-02
-1.388373285617761424e-02
-1.263345971628900347e-02
-1.148876287355008255e-02
-1.044177317340498623e-02
-9.485049249109563443e-03
-8.611580039083814933e-03
-7.814783231156559665e-03
-7.088497872606449798e-03
-6.426972283289009852e-03
-5.824852265408201647e-03
-5.277163049036447291e-03
-4.779292570736858904e-03
-4.326974097411167598e-03
-3.916265456343264763e-03
-3.543532427249205478e-03
-3.205428608897777434e-03
-2.898876514095457060e-03
-2.621051367917519477e-03
-2.369362320748444588e-03
-2.141436368811917238e-03
-1.935102955747405656e-03
-1.748377364294026112e-03
-1.579448471932130751e-03
-1.426663195681530764e-03
-1.288514915845184348e-03
-1.163631197267014179e-03
-1.050762046368605577e-03
-9.487700195991499242e-04
-8.566208842480766642e-04
-7.733763668399039294e-04
-6.981839881431456570e-04
-6.302719471082102827e-04
-5.689414912970695414e-04
-5.135617869089863750e-04
-4.635607285830072532e-04
-4.184233505674723108e-04
-3.776809348425941531e-04
-3.409101111780561688e-04
-3.077276124093685406e-04
-2.777841307933367684e-04
-2.507653795057969209e-04
-2.263829213834831974e-04
-2.043787312765038024e-04
-1.845209014742728087e-04
-1.665930973403116828e-04
-1.504122673611667032e-04
-1.358043065922898346e-04
-1.226160976326112035e-04
-1.107130821866839673e-04
-9.996802675387575564e-05
-9.026886400470106049e-05
-8.151725093086370608e-05
-7.362249770042447359e-05
-6.649974692471030235e-05
-6.007723213260139064e-05
-5.428581082949372933e-05
-4.906559813324559537e-05
-4.436284748120352046e-05
-4.012409930622250361e-05
-3.630708635962438379e-05
-3.286670266415413655e-05
-2.976641471247607672e-05
-2.697321256077227485e-05
-2.445191083098043232e-05
6.821688608179383388e-10
