-3.518506308087588103e-08
-3.392060182678216131e-08
-3.262762672459000622e-08
-3.131194900331347016e-08
-2.997976515830541103e-08
-2.863752593067311525e-08
-2.729180023072399891e-08
-2.594914170047666130e-08
-2.461596028190211119e-08
-2.329840536911878820e-08
-2.200226289317218339e-08
-2.073286960306396886e-08
-1.949504550257136023e-08
-1.829304479151438239e-08
-1.713052590232369171e-08
-1.601053763381636940e-08
-1.493552244543993825e-08
-1.390733228549416384e-08
-1.292725589208798872e-08
-1.199605545454997710e-08
-1.111400940595642086e-08
-1.028096009208059108e-08
-9.496363677058678015e-09
-8.759341113319749026e-09
-8.068727772015863042e-09
-7.423122433164726202e-09
-6.820932787864235953e-09
-6.260417748679135130e-09
-5.739726347978328463e-09
-5.256932261369884816e-09
-4.810064806121217300e-09
-4.397135751082434349e-09
-4.016162165557517605e-09
-3.665185978727046086e-09
-3.342290157827600304e-09
-3.045612132296369153e-09
-2.773353773771409426e-09
-2.523789531176770511e-09
-2.295272323779885841e-09
-2.086237269167295954e-09
-1.895203982829867364e-09
-1.720777180338821221e-09
-1.561646466963710592e-09
-1.416584949134428290e-09
-1.284446901282763869e-09
-1.164165491370424751e-09
-1.054749235633166544e-09
-9.552787236859082472e-10
-8.649032017586860380e-10
-7.828364676720847815e-10
-7.083536005304707709e-10
-6.407869710544977680e-10
-5.795224979608084542e-10
-5.239964411659624748e-10
-4.736916693658885535e-10
-4.281344701118187997e-10
-3.868914910011518061e-10
-3.495664350336309969e-10
-3.157976298421486839e-10
-2.852549278374160724e-10
-2.576374046748845924e-10
-2.326709128211836752e-10
-2.101057416868497341e-10
-1.897146473493701853e-10
-1.712909910308898652e-10
-1.546472947347316557e-10
-1.396132116631456003e-10
-1.260345085689855365e-10
-1.137715421862072837e-10
-1.026982367543892689e-10
-9.270024729411348327e-11
-8.367464584101048417e-11
-7.552774255924741446e-11
-6.817490958604181762e-11
-6.153953226791151180e-11
-5.555178139955073006e-11
-5.014882767175601610e-11
-4.527300640723290556e-11
-4.087273285806473561e-11
-3.690164232471846819e-11
-3.331648108550298975e-11
-3.008065227091053251e-11
-2.715934372957261383e-11
-2.452194087211249960e-11
-2.214153940948646657e-11
-1.999269798774204956e-11
-1.805300842160600922e-11
-1.630280651378038238e-11
-1.472395764244055194e-11
-1.329949310815558410e-11
-1.201506246527378550e-11
-1.085683904200863342e-11
-9.812847811543378632e-12
-8.872340968619063217e-12
-8.024627629234166455e-12
-7.261255719722322388e-12
-6.573204639730950695e-12
-5.953168656360294921e-12
-5.394546418435324443e-12
-4.890301215880537890e-12
-4.434972055385578700e-12
