-1.759330685743958345e-01
-1.704947623672412871e-01
-1.639894866548307628e-01
-1.573686143194923948e-01
-1.506636033195940805e-01
-1.439072106068661205e-01
-1.371327954589444675e-01
-1.303736298543160255e-01
-1.236622429399476669e-01
-1.170298225432439276e-01
-1.105056914227677822e-01
-1.041168709210303772e-01
-9.788773915209759979e-02
-9.183978583602110668e-02
-8.599146157835844961e-02
-8.035811558865550708e-02
-7.495201319957459085e-02
-6.978242223654794463e-02
-6.485575662741140113e-02
-6.017576484144548238e-02
-5.574375144359111633e-02
-5.155882053567648754e-02
-4.761813127797751011e-02
-4.391715668355905544e-02
-4.044993876753127243e-02
-3.720933399703684613e-02
-3.418724482988635960e-02
-3.137483418805398633e-02
-2.876272068387982980e-02
-2.634115369690739894e-02
-2.410016805052076633e-02
-2.202971851989498492e-02
-2.011979527347551935e-02
-1.836052119273938119e-02
-1.674223258807041800e-02
-1.525554465232854470e-02
-1.389140311828842081e-02
-1.264112361266389074e-02
-1.149641999758237512e-02
-1.044942314709443668e-02
-9.492691411595611042e-03
-8.619214004091619447e-03
-7.822408532099409117e-03
-7.096113735478063247e-03
-6.434578506454321015e-03
-5.832447949092594598e-03
-5.284747437115884516e-03
-4.786865174673029903e-03
-4.334533881988482905e-03
-3.923812007161965945e-03
-3.551064842556809088e-03
-3.212945733684005080e-03
-2.906377694107857047e-03
-2.628535502328809177e-03
-2.376828337116687964e-03
-2.148883255169709017e-03
-1.942529247863983375e-03
-1.755782147045675768e-03
-1.586830274939400251e-03
-1.434020785132887133e-03
-1.295846860224950537e-03
-1.170935669432457285e-03
-1.058037242444306121e-03
-9.560142339998675904e-04
-8.638325748851684738e-04
-7.805530885182659787e-04
-7.053237822220813748e-04
-6.373726392295335453e-04
-5.760009933847661705e-04
-5.205769536819847536e-04
-4.705292933047860787e-04
-4.253414072362682861e-04
-3.845457443054306284e-04
-3.477186965180698443e-04
-3.144760339378910199e-04
-2.844692111980171132e-04
-2.573819774693402720e-04
-2.329277351349531161e-04
-2.108472002492224324e-04
-1.909062771650758752e-04
-1.728939321153521069e-04
-1.566204359992815474e-04
-1.419150385352322416e-04
-1.286244503697622700e-04
-1.166106130061418699e-04
-1.057492827185078590e-04
-9.592861497081303635e-05
-8.704746922234955526e-05
-7.901481839852703354e-05
-7.174821534523981401e-05
-6.517325018783137020e-05
-5.922250150355156680e-05
-5.383503541374745068e-05
-4.895537510351051665e-05
-4.453314179073682795e-05
-4.052227605205366198e-05
-3.688084221338688048e-05
-3.357042031961628950e-05
-3.055607151387653667e-05
-2.780603671106627282e-05
7.533874862261950509e-10
