-3.518661371487942442e-08
-3.392215248566743648e-08
-3.262917718527951115e-08
-3.131349934188591082e-08
-2.998131542640310906e-08
-2.863907598120089150e-08
-2.729335017602174539e-08
-2.595069151972008291e-08
-2.461750995932401057e-08
-2.329995483235482126e-08
-2.200381213781779534e-08
-2.073441864846687783e-08
-1.949659431177372210e-08
-1.829459342049787518e-08
-1.713207419402453458e-08
-1.601208565950042052e-08
-1.493707020386476903e-08
-1.390887969570694292e-08
-1.292880294564006869e-08
-1.199760209179063925e-08
-1.111555563259385001e-08
-1.028250590473495039e-08
-9.497909080669390502e-09
-8.760885942394432312e-09
-8.070272061915131736e-09
-7.424666175724950379e-09
-6.822475910147952810e-09
-6.261960216482142615e-09
-5.741268067310739722e-09
-5.258473221906572535e-09
-4.811604995639388518e-09
-4.398675065381952914e-09
-4.017700519876657581e-09
-3.666723330068929453e-09
-3.343826533853110351e-09
-3.047147393386648989e-09
-2.774887810941464387e-09
-2.525322295650390722e-09
-2.296803733886488296e-09
-2.087767249421876512e-09
-1.896732400556257729e-09
-1.722303958879161170e-09
-1.563171512887033628e-09
-1.418108107202829237e-09
-1.285968132095571919e-09
-1.165684613998656958e-09
-1.056266099139398924e-09
-9.567932307379192190e-10
-8.664151447262422763e-10
-7.843457644018177638e-10
-7.098600701979362233e-10
-6.422903824895481178e-10
-5.810227208057269018e-10
-5.254932549197137830e-10
-4.751848596167085393e-10
-4.296238345512021297e-10
-3.883767365313204254e-10
-3.510473790178387295e-10
-3.172739779136773336e-10
-2.867264334066706858e-10
-2.591037813722041796e-10
-2.341317950783979869e-10
-2.115607687928071431e-10
-1.911634782703424184e-10
-1.727333174419864890e-10
-1.560826273135283775e-10
-1.410411588925530272e-10
-1.274546355434568645e-10
-1.151834313476291857e-10
-1.041012588016857141e-10
-9.409394914667847731e-11
-8.505824595528793813e-11
-7.690069341366850723e-11
-6.953661577669298850e-11
-6.288920571082304349e-11
-5.688878680750060980e-11
-5.147213649512713720e-11
-4.658195862267177534e-11
-4.216641619616992819e-11
-3.817870684159608973e-11
-3.457663795588366260e-11
-3.132227568201300932e-11
-2.838147999479553584e-11
-2.572360149262850649e-11
-2.332103554491383606e-11
-2.114893936118551690e-11
-1.918494903855630278e-11
-1.740884064443838242e-11
-1.580241231615091757e-11
-1.434917757674350798e-11
-1.303425696179946415e-11
-1.184416828697693653e-11
-1.076672655842142821e-11
-9.790837895882018555e-12
-8.906427804585980585e-12
-8.104285453229562106e-12
-7.376024607972630627e-12
-6.713962031372924735e-12
-6.111110600787501936e-12
-5.561119047887828529e-12
-5.058253002301669126e-12
