-1.759253174816421128e-01
-1.704870115239968398e-01
-1.639817360605662910e-01
-1.573608644305471982e-01
-1.506558542020347002e-01
-1.438994622332453177e-01
-1.371250477227503317e-01
-1.303658829086612458e-01
-1.236544969588130316e-01
-1.170220772830870282e-01
-1.104979473597887951e-01
-1.041091277632160278e-01
-9.787999690267056019e-02
-9.183204532253858021e-02
-8.598372205044350902e-02
-8.035037771672748352e-02
-7.494427641147614894e-02
-6.977468736582839726e-02
-6.484802349379482911e-02
-6.016803352864713572e-02
-5.573602231799027612e-02
-5.155109357660198066e-02
-4.761040678943717630e-02
-4.390943446704968084e-02
-4.044221935342434682e-02
-3.720161747354121251e-02
-3.417953137908502637e-02
-3.136712416957367772e-02
-2.875501379167776442e-02
-2.633345063184974744e-02
-2.409246930978001591e-02
-2.202202399281499509e-02
-2.011210539398275085e-02
-1.835283630270954577e-02
-1.673455305239079580e-02
-1.524787073060429946e-02
-1.388373502609517932e-02
-1.263346209124702538e-02
-1.148876512228145033e-02
-1.044177548560154545e-02
-9.485051236863965493e-03
-8.611582089389493641e-03
-7.814785300458110956e-03
-7.088500122482862577e-03
-6.426974688342481333e-03
-5.824854489652691626e-03
-5.277165126770077402e-03
-4.779294715375132299e-03
-4.326976269474785107e-03
-3.916267705132168986e-03
-3.543534610541628199e-03
-3.205430858826181610e-03
-2.898879084049813155e-03
-2.621053918006994131e-03
-2.369364771952137735e-03
-2.141438733391741716e-03
-1.935105022495795706e-03
-1.748379769875833432e-03
-1.579450330548886044e-03
-1.426665351500805163e-03
-1.288517516435754278e-03
-1.163634139789968425e-03
-1.050764255993682453e-03
-9.487724346105771978e-04
-8.566233656056039926e-04
-7.733782992770278772e-04
-6.981856827852423375e-04
-6.302740095774631750e-04
-5.689442594974408350e-04
-5.135643842253443487e-04
-4.635638818711002398e-04
-4.184250830568194443e-04
-3.776834020335532809e-04
-3.409125725785643328e-04
-3.077300900759704283e-04
-2.777873794162092681e-04
-2.507669765201982854e-04
-2.263855867885099346e-04
-2.043814633378242512e-04
-1.845227796477390346e-04
-1.665960809591437964e-04
-1.504138434590593354e-04
-1.358071064750211786e-04
-1.226190893546977940e-04
-1.107150493369385056e-04
-9.997066380096404528e-05
-9.027279256982993511e-05
-8.152150472690993270e-05
-7.362422306942391999e-05
-6.650247258127375024e-05
-6.008130244759486477e-05
-5.428831818385414161e-05
-4.906923067969703805e-05
-4.436593283691535122e-05
-4.012671919701657215e-05
-3.630979220046332419e-05
-3.286957328731382710e-05
-2.976959045090425029e-05
-2.697573188174272237e-05
-2.445468399416122679e-05
6.819490196540291087e-10
