-3.518506349632868041e-08
-3.392060232513011800e-08
-3.262762707268231857e-08
-3.131194938279033181e-08
-2.997976562027643931e-08
-2.863752632206776687e-08
-2.729180064107579383e-08
-2.594914214543052304e-08
-2.461596077989691139e-08
-2.329840579147050881e-08
-2.200226334375564448e-08
-2.073287002914964231e-08
-1.949504587374452298e-08
-1.829304533959868438e-08
-1.713052629903089427e-08
-1.601053810311487787e-08
-1.493552285662077328e-08
-1.390733273967602106e-08
-1.292725633378848459e-08
-1.199605584390810177e-08
-1.111400982400595691e-08
-1.028096052809068487e-08
-9.496364199191677210e-09
-8.759341512919224993e-09
-8.068728195158269052e-09
-7.423122886410391990e-09
-6.820933235265117152e-09
-6.260418228730788081e-09
-5.739726702357598100e-09
-5.256932624405621897e-09
-4.810065263819296059e-09
-4.397136174773462938e-09
-4.016162559255657953e-09
-3.665186367362205396e-09
-3.342290642039445235e-09
-3.045612624029893125e-09
-2.773354207026178661e-09
-2.523790006659482248e-09
-2.295272773243759210e-09
-2.086237731739384271e-09
-1.895204379760226294e-09
-1.720777590516830247e-09
-1.561646880854590108e-09
-1.416585399389123548e-09
-1.284447382515600749e-09
-1.164165935974189126e-09
-1.054749650997272309e-09
-9.552791526930851849e-10
-8.649036362009749929e-10
-7.828369175080138573e-10
-7.083540371262259126e-10
-6.407874210996460497e-10
-5.795230122166419495e-10
-5.239969511674738344e-10
-4.736921595353510925e-10
-4.281349429697188462e-10
-3.868919041639703149e-10
-3.495669163490870379e-10
-3.157980012658999097e-10
-2.852553591536583325e-10
-2.576379250043626662e-10
-2.326715014771885175e-10
-2.101061833077782273e-10
-1.897151304316796978e-10
-1.712914873261954138e-10
-1.546476810372547440e-10
-1.396135505171261163e-10
-1.260349211708118341e-10
-1.137720960192593690e-10
-1.026987561737766854e-10
-9.270087808427236267e-11
-8.367499202277996582e-11
-7.552823615023149534e-11
-6.817540186487416542e-11
-6.154002780417259446e-11
-5.555243125414046318e-11
-5.014914681460456640e-11
-4.527353964534099766e-11
-4.087327927935694495e-11
-3.690201785019020942e-11
-3.331707794128269498e-11
-3.008096733363094113e-11
-2.715990383341515879e-11
-2.452253923507844390e-11
-2.214193274677219899e-11
-1.999322545379649993e-11
-1.805379423644006981e-11
-1.630365729688302763e-11
-1.472430254260965098e-11
-1.330003830362577958e-11
-1.201587660867041867e-11
-1.085734042562626186e-11
-9.813574379462980958e-12
-8.872958013149055924e-12
-8.025151586283965434e-12
-7.261796891533265455e-12
-6.573778770872500398e-12
-5.953803815294684746e-12
-5.395050260040320962e-12
-4.890855856671874890e-12
-4.435673428997802451e-12
