-24.51963	-19.509033	-82.530754
-17.67767	-70.710678	-94.381378
-13.889256	-83.146957	-100.9431
-9.567085	-92.387947	-108.429321
-4.877259	-98.078522	-116.552338
1e-06	-100	-125
4.877258	-98.078522	-133.447662
9.567085	-92.387955	-141.570679
13.889255	-83.146965	-149.0569
17.67767	-70.710678	-155.618622
20.786741	-55.557018	-161.003693
23.096987	-38.268349	-165.005157
24.519632	-19.509031	-167.469254
-23.873074	-18.023994	-82.157463
-21.828722	-35.355343	-84.262611
-18.945503	-51.327999	-87.933273
-15.334222	-65.328148	-93.028389
-11.133654	-76.817772	-99.352158
-6.505223	-85.355339	-106.661552
-1.626803	-90.61274	-114.67569
3.314137	-92.387947	-123.086586
8.127714	-90.61274	-131.571014
12.628948	-85.355339	-139.802917
16.644857	-76.817772	-147.465942
20.021118	-65.328148	-154.265625
22.627977	-51.327991	-159.940659
24.365252	-35.355343	-164.272919
25.166189	-18.023993	-167.095963
-23.324951	-13.794965	-81.841003
-20.753538	-27.059805	-83.641861
-17.384581	-39.284744	-87.032074
-13.347542	-49.999992	-91.881378
-8.797565	-58.79377	-98.003418
-3.909501	-65.328148	-105.16291
1.1288	-69.351982	-113.08474
6.123726	-70.71067	-121.46447
10.883318	-69.351982	-129.980057
15.22467	-65.328148	-138.304276
18.980946	-58.79377	-146.117203
22.007797	-49.999992	-153.118622
24.1889	-39.28474	-159.039459
25.440435	-27.059803	-163.652161
25.714312	-13.794966	-166.77951
-22.958706	-7.465776	-81.629555
-20.035124	-14.644657	-83.227081
-16.341604	-21.260744	-86.429909
-12.020085	-27.059793	-91.114975
-7.236642	-31.818951	-97.102219
-2.175095	-35.355331	-104.161552
2.970036	-37.533016	-112.021698
8.001033	-38.268326	-120.3806
12.724552	-37.533016	-128.917023
16.959076	-35.355331	-137.302902
20.54187	-31.818951	-145.216003
23.335255	-27.059793	-152.352203
25.231876	-21.260744	-158.437286
26.15885	-14.644654	-163.237381
26.080557	-7.465777	-166.568054
-22.830099	1e-05	-81.555298
-19.78285	1e-05	-83.081429
-15.975359	1.4e-05	-86.21846
-11.553945	1.9e-05	-90.84584
-6.688519	1.9e-05	-96.785751
-1.566053	2.2e-05	-103.809921
3.616592	2.2e-05	-111.648415
8.660254	2.5e-05	-120
13.371109	2.2e-05	-128.543732
17.568117	2.2e-05	-136.951279
21.089993	1.9e-05	-144.899551
23.801395	1.9e-05	-152.083084
25.598122	1.3e-05	-158.225845
26.411123	1.3e-05	-163.091736
26.209164	1e-05	-166.493805
-22.958706	7.465797	-81.629555
-20.035124	14.644675	-83.227081
-16.341604	21.260773	-86.429909
-12.020085	27.05983	-91.114975
-7.236642	31.818985	-97.102219
-2.175096	35.35537	-104.161552
2.970036	37.533058	-112.021698
8.001031	38.268368	-120.380608
12.724552	37.533058	-128.917023
16.959076	35.35537	-137.302917
20.541868	31.818985	-145.216003
23.335255	27.05983	-152.352203
25.231876	21.260769	-158.437286
26.15885	14.644678	-163.237381
26.080557	7.465796	-166.568054
-23.324951	13.794983	-81.841003
-20.753538	27.059824	-83.641861
-17.384581	39.284771	-87.032074
-13.347542	50.000023	-91.881378
-8.797566	58.7938	-98.003418
-3.909503	65.328178	-105.162918
1.1288	69.352028	-113.08474
6.123724	70.710701	-121.46447
10.883318	69.352028	-129.980057
15.224669	65.328178	-138.304276
18.980946	58.7938	-146.117203
22.007797	50.000023	-153.118622
24.1889	39.284767	-159.039459
25.440434	27.059824	-163.652161
25.714312	13.794983	-166.77951
-23.873075	18.024008	-82.157471
-21.828722	35.355358	-84.262619
-18.945505	51.328014	-87.933273
-15.334222	65.328171	-93.028389
-11.133654	76.817795	-99.352158
-6.505225	85.355362	-106.661552
-1.626803	90.612778	-114.67569
3.314135	92.387978	-123.086586
8.127714	90.612778	-131.571014
12.628946	85.355362	-139.802917
16.644857	76.817795	-147.465942
20.021116	65.328171	-154.265625
22.627975	51.328014	-159.940659
24.365252	35.355354	-164.272919
25.166187	18.024008	-167.095963
-24.51963	19.509043	-82.530754
-23.096987	38.268356	-84.994843
-20.786741	55.557037	-88.996307
-17.67767	70.710693	-94.381378
-13.889257	83.14698	-100.9431
-9.567087	92.38797	-108.429321
-4.87726	98.078552	-116.552338
-1e-06	100.000015	-125
4.877257	98.078552	-133.447662
9.567083	92.38797	-141.570679
13.889254	83.14698	-149.0569
17.67767	70.710693	-155.618622
20.786739	55.557037	-161.003693
23.096987	38.268356	-165.005157
24.519632	19.509043	-167.469254
25	9e-06	-168.30127
-25.166187	18.024004	-82.904045
-24.365252	35.355347	-85.727081
-22.627975	51.328003	-90.059349
-20.021118	65.328156	-95.734375
-16.644861	76.81778	-102.534058
-12.62895	85.355339	-110.19709
-8.127716	90.612755	-118.428993
-3.314137	92.387947	-126.913422
1.626801	90.612755	-135.32431
6.50522	85.355339	-143.33844
11.13365	76.81778	-150.647842
15.334221	65.328156	-156.971619
18.945505	51.328003	-162.066727
21.828722	35.355343	-165.737396
23.873075	18.024004	-167.842545
-25.71431	13.794973	-83.220505
-25.440435	27.059809	-86.347839
-24.1889	39.284744	-90.960548
-22.007797	50	-96.881378
-18.980947	58.793777	-103.882797
-15.22467	65.328133	-111.695732
-10.883319	69.351997	-120.019943
-6.123725	70.710663	-128.535538
-1.128802	69.351997	-136.915253
3.9095	65.328133	-144.837082
8.797564	58.793777	-151.996582
13.347542	50	-158.118622
17.384581	39.284744	-162.967926
20.753538	27.059805	-166.358139
23.324953	13.794973	-168.158997
-25	1.2e-05	-81.69873
-26.080555	7.465785	-83.431953
-26.15885	14.64466	-86.762619
-25.231874	21.260742	-91.562714
-23.335253	27.059799	-97.647789
-20.54187	31.818956	-104.783997
-16.959074	35.355316	-112.69709
-12.724553	37.53302	-121.082977
-8.001031	38.268314	-129.6194
-2.970036	37.53302	-137.978302
2.175097	35.355316	-145.83844
7.23664	31.818956	-152.897781
12.020086	27.059799	-158.885025
16.341606	21.260742	-163.570099
20.035124	14.644657	-166.772919
22.958708	7.465785	-168.370453
-26.209162	-0	-83.50621
-26.411123	-5e-06	-86.908264
-25.598118	-1.3e-05	-91.774162
-23.801394	-8e-06	-97.916916
-21.089994	-1.1e-05	-105.100449
-17.568115	-2.6e-05	-113.048721
-13.371109	-1.4e-05	-121.456268
-8.660252	-3.5e-05	-130
-3.616591	-1.4e-05	-138.351593
1.566056	-2.6e-05	-146.190079
6.688517	-1.1e-05	-153.214249
11.553946	-8e-06	-159.154144
15.975363	-1.3e-05	-163.78154
19.782852	-7e-06	-166.918579
22.830101	-0	-168.444702
-26.080553	-7.465784	-83.431953
-26.158848	-14.644669	-86.762611
-25.231873	-21.260763	-91.562714
-23.335251	-27.059814	-97.647789
-20.54187	-31.818974	-104.783989
-16.95907	-35.355358	-112.697083
-12.724551	-37.533043	-121.082977
-8.001028	-38.268375	-129.6194
-2.970034	-37.533043	-137.978302
2.1751	-35.355358	-145.83844
7.236642	-31.818974	-152.897781
12.020088	-27.059814	-158.885025
16.341608	-21.260763	-163.570099
20.035126	-14.644668	-166.772919
22.95871	-7.465784	-168.370453
-25.71431	-13.794968	-83.220505
-25.440434	-27.059811	-86.347839
-24.188896	-39.284752	-90.960548
-22.007793	-50	-96.881378
-18.980944	-58.793785	-103.88279
-15.224665	-65.328148	-111.695724
-10.883314	-69.352005	-120.019936
-6.123719	-70.710701	-128.535538
-1.128798	-69.352005	-136.915253
3.909506	-65.328148	-144.837082
8.797567	-58.793785	-151.996582
13.347546	-50	-158.118622
17.384584	-39.284752	-162.967926
20.75354	-27.059811	-166.358139
23.324953	-13.794968	-168.158997
-25.166185	-18.023991	-82.904037
-24.36525	-35.355343	-85.727081
-22.627972	-51.327991	-90.059349
-20.021114	-65.32814	-95.734367
-16.644855	-76.817764	-102.53405
-12.628942	-85.355324	-110.197083
-8.127711	-90.612747	-118.428986
-3.314129	-92.387955	-126.913414
1.626806	-90.612747	-135.32431
6.505228	-85.355324	-143.33844
11.133655	-76.817764	-150.647842
15.334225	-65.32814	-156.971603
18.945509	-51.327991	-162.066727
21.828724	-35.355343	-165.737381
23.873077	-18.023991	-167.842529
-23.096985	-38.268341	-84.994843
-20.786737	-55.557007	-88.996307
-15.783462	-76.928818	-97.662247
-11.72817	-87.767456	-104.686211
-7.222173	-95.233238	-112.490829
-2.438629	-99.039261	-120.776169
2.43863	-99.039261	-129.223831
7.222171	-95.233238	-137.509171
11.728169	-87.767456	-145.313782
15.783462	-76.928818	-152.337753
19.232204	-63.133846	-158.311157
21.941864	-46.912682	-163.004425
23.80831	-28.888691	-166.237198
-22.850899	-26.689667	-83.210037
-20.387114	-43.341671	-86.097939
-17.139862	-58.328068	-90.480835
-13.233936	-71.07296	-96.190277
-8.819437	-81.086555	-103.006851
-4.066014	-87.984039	-110.668625
0.843667	-91.500343	-118.881134
5.720925	-91.500343	-127.328796
10.37833	-87.984039	-135.686951
14.636903	-81.086555	-143.63443
18.332987	-71.07296	-150.865784
21.324547	-58.328068	-157.103134
23.496614	-43.341667	-162.106781
24.76572	-26.689667	-165.684448
18.849394	-68.019417	-154.942123
15.267056	-79.982368	-148.261414
-12.511455	-79.982361	-100.147629
-16.505945	-68.019417	-93.704887
21.707359	-53.442501	-160.472168
-8.036154	-88.871643	-107.545441
23.731119	-36.811848	-164.639038
-3.252031	-94.345627	-115.614014
24.842911	-18.766512	-167.282608
1.657069	-96.193977	-124.043297
-24.196352	-18.766514	-82.344109
6.502486	-94.345627	-132.509338
11.098017	-88.871643	-140.686798
-22.039246	-20.427385	-82.741425
-19.069059	-33.172272	-85.33696
-15.366061	-44.642372	-89.456726
-11.072552	-54.396881	-94.942398
-6.353532	-62.060959	-101.58316
-1.390351	-67.340065	-109.123825
3.626263	-70.031326	-117.274605
8.503521	-70.031326	-125.72226
13.053993	-67.340065	-134.142166
17.102808	-62.060959	-142.210739
20.494371	-54.396881	-149.61792
23.098347	-44.642368	-156.079041
24.814667	-33.172272	-161.34581
25.577374	-20.427385	-165.215836
-18.165041	-45.306374	-87.482674
-21.29113	-31.207573	-83.952232
17.812902	-67.805771	-146.79158
13.926809	-75.341743	-139.053589
-14.340881	-57.664074	-92.45488
21.014458	-57.664074	-153.692123
-9.96561	-67.805771	-98.67778
23.408438	-45.306366	-159.490051
-5.207362	-75.341736	-105.912231
24.902843	-31.207573	-163.96254
-0.249002	-79.982361	-113.880211
25.44025	-15.909479	-166.937729
4.718931	-81.549309	-122.275528
-23.599012	-15.909479	-81.999237
9.505516	-79.982361	-130.775528
-21.496916	-11.055216	-82.428314
-18.188364	-17.952702	-84.828491
-14.180845	-24.160269	-88.772446
-9.628363	-29.439371	-94.108597
-4.705868	-33.587139	-100.631882
0.39747	-36.444172	-108.091629
5.485535	-37.900673	-116.201157
10.362793	-37.900673	-124.648811
14.841814	-36.444172	-133.10997
18.750473	-33.587139	-141.25946
21.93856	-29.439371	-148.784103
24.283564	-24.160269	-155.394745
25.695364	-17.952698	-160.837341
26.119703	-11.055216	-164.90271
2.049418	-53.442501	-112.553223
-3.042298	-50.341736	-104.662231
25.897434	-10.630371	-166.673767
25.799643	-20.852228	-163.444778
7.062379	-54.489498	-120.922539
-23.141829	-10.630371	-81.735275
11.803935	-53.442501	-129.448547
-20.394331	-20.852232	-83.434464
16.091873	-50.341736	-137.803589
-16.863091	-30.272747	-86.730988
19.761408	-45.306362	-145.666611
-12.683813	-38.529892	-91.498177
22.671526	-38.529892	-152.735413
-8.017103	-45.306362	-97.552811
24.710388	-30.272743	-158.738373
-21.306475	1e-05	-82.318359
-17.879105	1.2e-05	-84.64994
-13.764652	1.6e-05	-88.53215
-9.121229	1.9e-05	-93.815804
-4.127285	2e-05	-100.297836
1.025269	2.2e-05	-107.729172
6.138423	2.3e-05	-115.824203
11.015682	2.3e-05	-124.271866
15.469612	2.2e-05	-132.747498
19.329056	2e-05	-140.925415
22.445694	1.9e-05	-148.491318
24.699757	1.6e-05	-155.154465
26.004623	1.3e-05	-160.658783
26.310144	1.1e-05	-164.79277
20.815931	-15.909466	-145.05777
17.263596	-17.677654	-137.12709
-11.787015	-13.529888	-90.980408
-16.158482	-10.630365	-86.324188
23.568325	-13.529888	-152.217651
-6.96258	-15.909466	-96.943985
25.414999	-10.630365	-158.331573
-1.870574	-17.677654	-103.985741
26.284986	-7.32232	-163.164566
3.293314	-18.766497	-111.835052
26.144861	-3.732883	-166.530914
8.330644	-19.134151	-120.1903
-22.894402	-3.732883	-81.592422
13.047831	-18.766497	-128.730377
-19.908987	-7.322323	-83.154251
-21.496916	11.055236	-82.428314
-18.188364	17.952724	-84.828491
-14.180845	24.160301	-88.772446
-9.628363	29.439407	-94.108597
-4.705868	33.587177	-100.631882
0.397469	36.44421	-108.091629
5.485534	37.900715	-116.201157
10.362792	37.900715	-124.648811
14.841813	36.44421	-133.10997
18.750471	33.587177	-141.25946
21.93856	29.439407	-148.784103
24.283564	24.160299	-155.394745
25.695362	17.952723	-160.837341
26.119703	11.055237	-164.90271
26.144861	3.732903	-166.530914
26.284986	7.322346	-163.164566
8.330643	19.134197	-120.1903
3.293314	18.766539	-111.835052
-22.894402	3.732904	-81.592422
13.047831	18.766539	-128.730377
-19.908987	7.322342	-83.154251
17.263596	17.677694	-137.12709
-16.158482	10.630393	-86.324188
20.815929	15.909502	-145.05777
-11.787015	13.529923	-90.980408
23.568325	13.529923	-152.217651
-6.962581	15.909502	-96.943985
25.414999	10.63039	-158.331573
-1.870574	17.677694	-103.985741
-22.039246	20.427402	-82.741425
-19.069061	33.172298	-85.33696
-15.366061	44.642399	-89.456726
-11.072553	54.396915	-94.942398
-6.353534	62.060989	-101.58316
-1.390351	67.340103	-109.123825
3.626262	70.031364	-117.274605
8.503521	70.031364	-125.722267
13.053993	67.340103	-134.142166
17.102806	62.060989	-142.210739
20.49437	54.396915	-149.61792
23.098347	44.642395	-156.079041
24.814667	33.172295	-161.34581
25.577374	20.427402	-165.215836
22.671526	38.529926	-152.735413
19.761406	45.306393	-145.666611
-8.017104	45.306393	-97.552811
-12.683813	38.529926	-91.498177
24.710388	30.272766	-158.738373
-3.042299	50.341774	-104.662231
25.799643	20.852249	-163.444778
2.049418	53.442539	-112.553223
25.897434	10.630388	-166.673767
7.062377	54.489536	-120.922539
-23.141829	10.63039	-81.735275
11.803935	53.442539	-129.448547
-20.394331	20.852249	-83.434464
16.091871	50.341774	-137.803589
-16.863092	30.272774	-86.730988
-22.850899	26.689682	-83.210037
-20.387114	43.341682	-86.097939
-17.139864	58.328091	-90.480835
-13.233936	71.072983	-96.190277
-8.819439	81.086578	-103.006851
-4.066015	87.98407	-110.668625
0.843666	91.500381	-118.881134
5.720924	91.500381	-127.328796
10.378329	87.98407	-135.686951
14.636901	81.086578	-143.63443
18.332987	71.072983	-150.865784
21.324545	58.328091	-157.103134
23.496613	43.341682	-162.106781
24.76572	26.689682	-165.684448
-23.599012	15.909496	-81.999237
25.44025	15.909496	-166.937729
9.505516	79.982399	-130.775528
4.718929	81.549332	-122.275528
-21.29113	31.207592	-83.95224
13.926807	75.341774	-139.053589
-18.165043	45.306393	-87.482674
17.812901	67.805794	-146.79158
-14.340882	57.664097	-92.45488
21.014458	57.664097	-153.692123
-9.965611	67.805794	-98.677788
23.408438	45.306389	-159.490051
-5.207363	75.341774	-105.912231
24.902843	31.207588	-163.96254
-0.249002	79.982399	-113.880211
-23.80831	28.888699	-83.762802
-21.941864	46.912697	-86.995575
-19.232204	63.133865	-91.688843
-15.783463	76.928833	-97.662247
-11.728172	87.767471	-104.686211
-7.222174	95.233261	-112.490829
-2.438631	99.039284	-120.776169
2.438628	99.039284	-129.223831
7.22217	95.233261	-137.509171
11.728168	87.767471	-145.313782
15.783461	76.928833	-152.337753
19.232204	63.133865	-158.311157
21.941864	46.912693	-163.004425
23.80831	28.888699	-166.237198
24.759817	9.754526	-167.885254
-12.511456	79.982391	-100.147629
-16.505947	68.019432	-93.704887
21.707357	53.442528	-160.472168
18.849392	68.019432	-154.942123
-8.036156	88.871674	-107.545441
23.731119	36.811852	-164.639038
-3.252032	94.345665	-115.614014
24.842911	18.766525	-167.282608
1.657067	96.193993	-124.043297
-24.196352	18.766525	-82.344109
6.502485	94.345665	-132.509338
-22.462854	36.811859	-84.628731
11.098015	88.871674	-140.686798
-19.866123	53.442528	-88.464798
15.267056	79.982391	-148.261414
-24.76572	26.689676	-84.315559
-23.496614	43.341675	-87.893211
-21.324547	58.328079	-92.896866
-18.332989	71.072975	-99.134216
-14.636905	81.086555	-106.36557
-10.378334	87.984047	-114.313042
-5.720926	91.500351	-122.671204
-0.843668	91.500351	-131.118866
4.06601	87.984047	-139.331375
8.819435	81.086555	-146.993149
13.233934	71.072975	-153.809723
17.139862	58.328079	-159.519165
20.387114	43.341671	-163.902069
22.850899	26.689672	-166.789963
3.252029	94.34565	-134.385986
-1.657069	96.193985	-125.956711
-23.731119	36.811852	-85.360962
-24.842909	18.766521	-82.7174
8.036152	88.871651	-142.454559
-21.707357	53.44252	-89.527832
12.511452	79.982376	-149.852371
-18.849394	68.019424	-95.057877
16.505945	68.019424	-156.29512
-15.267059	79.982376	-101.738579
19.866123	53.44252	-161.535217
-11.098019	88.871651	-109.313202
22.462854	36.811848	-165.371277
-6.502488	94.34565	-117.490669
24.196354	18.766521	-167.655899
-25.577374	20.427391	-84.784164
-24.814669	33.172276	-88.65419
-23.098349	44.642372	-93.920967
-20.494371	54.396893	-100.382088
-17.10281	62.060951	-107.789261
-13.053995	67.340065	-115.857834
-8.503522	70.031326	-124.27774
-3.626264	70.031326	-132.725403
1.390349	67.340065	-140.876175
6.353531	62.060951	-148.41684
11.072552	54.396893	-155.057602
15.36606	44.642372	-160.543274
19.069059	33.172272	-164.66304
22.039246	20.427389	-167.258575
18.165043	45.306374	-162.517334
14.340881	57.664078	-157.54512
-13.926809	75.341736	-110.946411
-17.812904	67.805779	-103.20842
21.29113	31.207573	-166.04776
-9.505518	79.982376	-119.224464
23.599014	15.909489	-168.000763
-4.718932	81.549301	-127.72448
-25.440248	15.909489	-83.062271
0.249	79.982376	-136.119781
-24.902843	31.207579	-86.03746
5.207361	75.341736	-144.087769
-23.408438	45.306374	-90.509949
9.965607	67.805779	-151.32222
-21.014458	57.664078	-96.307877
-25.540277	3.732898	-82.565338
-26.119703	11.055223	-85.097282
-25.695362	17.952702	-89.162659
-24.283564	24.160273	-94.605255
-21.93856	29.439377	-101.215889
-18.750473	33.587135	-108.74054
-14.841814	36.444168	-116.89003
-10.362792	37.900669	-125.351189
-5.485534	37.900669	-133.798843
-0.39747	36.444168	-141.908371
4.705867	33.587135	-149.368118
9.628363	29.439377	-155.891403
14.180845	24.160273	-161.227554
18.188366	17.9527	-165.171509
21.496916	11.055221	-167.571686
-25.799643	20.852236	-86.555222
-25.897432	10.63038	-83.326233
3.042298	50.341724	-145.337769
-2.049419	53.442509	-137.446777
-24.710388	30.272743	-91.261627
8.017101	45.306366	-152.447189
-22.671526	38.5299	-97.264587
12.683813	38.5299	-158.501831
-19.76141	45.306366	-104.333389
16.863094	30.272743	-163.269012
-16.091873	50.341724	-112.196411
20.394331	20.852232	-166.565536
-11.803936	53.442509	-120.55146
23.14183	10.63038	-168.264725
-7.062378	54.489487	-129.077469
-26.310143	-3e-06	-85.20723
-26.004622	-9e-06	-89.341209
-24.699757	-1.1e-05	-94.845535
-22.445692	-1e-05	-101.508682
-19.329054	-1.9e-05	-109.074585
-15.469612	-2e-05	-117.252495
-11.01568	-2.5e-05	-125.728134
-6.138422	-2.5e-05	-134.175797
-1.025268	-2e-05	-142.270828
4.127286	-1.9e-05	-149.702164
9.121231	-1e-05	-156.184204
13.764653	-1.1e-05	-161.46785
17.879107	-1e-05	-165.350067
21.306477	-3e-06	-167.681641
-17.263594	17.677645	-112.872902
-20.815933	15.909472	-104.942223
19.908987	7.322326	-166.845749
16.158484	10.630364	-163.675812
-13.047831	18.766502	-121.269623
22.894405	3.732893	-168.407578
-8.330642	19.134138	-129.809708
-26.144859	3.732893	-83.469078
-3.293313	18.766502	-138.164948
-26.284986	7.322328	-86.835434
1.870576	17.677645	-146.014252
-25.414997	10.630365	-91.668442
6.962579	15.909472	-153.056015
-23.568323	13.529895	-97.782349
11.787016	13.529895	-159.019592
-26.119701	-11.055226	-85.097282
-25.695362	-17.952717	-89.162659
-24.283562	-24.16029	-94.605247
-21.938559	-29.439396	-101.215889
-18.750469	-33.587162	-108.74054
-14.841811	-36.444199	-116.89003
-10.362789	-37.900711	-125.351189
-5.485531	-37.900711	-133.798843
-0.397467	-36.444199	-141.908371
4.705871	-33.587162	-149.368118
9.628365	-29.439396	-155.891403
14.180847	-24.16029	-161.227554
18.188366	-17.952717	-165.171509
21.496918	-11.055225	-167.571686
1.870578	-17.677692	-146.014252
-3.293312	-18.766529	-138.164948
-25.414995	-10.630388	-91.668442
-26.284985	-7.322337	-86.835434
6.96258	-15.909492	-153.056015
-23.568321	-13.529912	-97.782349
11.787017	-13.529912	-159.019592
-20.815931	-15.909492	-104.942223
16.158485	-10.630388	-163.675812
-17.263592	-17.677692	-112.872902
19.908989	-7.322338	-166.845749
-13.047829	-18.766529	-121.269623
22.894405	-3.732892	-168.407578
-8.33064	-19.134205	-129.809692
-26.144857	-3.732892	-83.469078
-25.577372	-20.427389	-84.784164
-24.814665	-33.172283	-88.65419
-23.098345	-44.642376	-93.920959
-20.494368	-54.396893	-100.382088
-17.102804	-62.060963	-107.789261
-13.053989	-67.340073	-115.857834
-8.503517	-70.031357	-124.277733
-3.626258	-70.031357	-132.725403
1.390354	-67.340073	-140.876175
6.353536	-62.060963	-148.41684
11.072556	-54.396893	-155.057602
15.366064	-44.642376	-160.543274
19.069063	-33.172283	-164.66304
22.039248	-20.427389	-167.258575
20.394333	-20.85224	-166.565536
16.863096	-30.272758	-163.269012
-11.803933	-53.442528	-120.55146
-16.091867	-50.341755	-112.196404
23.14183	-10.630375	-168.264725
-7.062373	-54.48954	-129.077469
-25.897432	-10.630375	-83.326233
-2.049416	-53.442528	-137.446777
-25.799641	-20.852242	-86.555222
3.042303	-50.341755	-145.337769
-24.710384	-30.272758	-91.261627
8.017104	-45.306377	-152.447174
-22.671522	-38.529907	-97.264587
12.683817	-38.529907	-158.501831
-19.761406	-45.306377	-104.333389
-24.765718	-26.689667	-84.315559
-23.496613	-43.341667	-87.893204
-21.324543	-58.328068	-92.896858
-18.332985	-71.072945	-99.134209
-14.636899	-81.08654	-106.36557
-10.378327	-87.984039	-114.313034
-5.720921	-91.500351	-122.671204
-0.843662	-91.500351	-131.118866
4.066017	-87.984039	-139.331375
8.819441	-81.08654	-146.993134
13.233939	-71.072945	-153.809723
17.139866	-58.328068	-159.519165
20.387115	-43.341667	-163.902054
22.850901	-26.689667	-166.789963
9.965611	-67.805771	-151.322205
5.207367	-75.341736	-144.087769
-21.014454	-57.664074	-96.307877
-23.408434	-45.306374	-90.509949
14.340885	-57.664074	-157.545105
-17.812901	-67.805771	-103.20842
18.165047	-45.306374	-162.517334
-13.926804	-75.341736	-110.946404
21.291132	-31.207577	-166.04776
-9.505512	-79.982376	-119.224464
23.599016	-15.909479	-168.000763
-4.718924	-81.549332	-127.724472
-25.440247	-15.909479	-83.062271
0.249004	-79.982376	-136.119781
-24.902842	-31.207577	-86.03746
-21.941862	-46.912674	-86.995575
-23.731117	-36.81184	-85.360962
-21.707354	-53.442501	-89.527832
-24.759815	-9.75451	-82.114746
-23.80831	-28.888685	-83.762802
-19.232203	-63.133842	-91.688843
24.759817	-9.754511	-167.885254
-24.436537	-9.011992	-81.928101
25.083096	-9.011992	-167.698608
-22.462852	-36.81184	-84.628731
-19.866119	-53.442501	-88.46479
-24.162476	-6.897476	-81.769867
25.357157	-6.897479	-167.54039
-23.979353	-3.732882	-81.664139
25.540279	-3.732884	-167.434662
-23.915049	1.1e-05	-81.627014
25.604584	9e-06	-167.397537
-23.979353	3.732904	-81.664139
25.540279	3.732902	-167.434662
-24.162476	6.897497	-81.769867
25.357157	6.897496	-167.54039
-24.436539	9.01201	-81.928101
25.083096	9.012009	-167.698608
-24.759815	9.754527	-82.114746
-25.083094	9.012008	-82.301392
24.436539	9.012006	-168.071899
-25.357155	6.897493	-82.459618
24.162477	6.897491	-168.230133
23.979355	3.732897	-168.335861
-25.604582	6e-06	-82.602463
23.915051	4e-06	-168.372986
-25.540277	-3.732886	-82.565338
23.979355	-3.732887	-168.335861
-25.357155	-6.897478	-82.459618
24.162477	-6.897479	-168.230133
-25.083094	-9.01199	-82.301392
24.436539	-9.011992	-168.071899
24.196354	-18.76651	-167.655899
22.462854	-36.811848	-165.371277
-1.657064	-96.193985	-125.956711
-6.502485	-94.345634	-117.490662
-24.842909	-18.766512	-82.7174
3.252032	-94.345634	-134.385986
8.036157	-88.871643	-142.454559
12.511455	-79.982361	-149.852371
-18.849392	-68.019409	-95.057877
16.505947	-68.019409	-156.29512
-15.267056	-79.982361	-101.738579
19.866125	-53.442501	-161.535217
-11.098014	-88.871635	-109.313202
-8.80025	-91.608635	-113.401932
21.16449	-45.127174	-163.453247
-13.182534	-84.427002	-105.525894
18.186035	-60.730957	-158.915161
-17.058224	-74.000885	-98.398224
14.5087	-74.000885	-153.073746
-20.278374	-60.730957	-92.292854
10.273806	-84.427002	-146.153458
-22.719236	-45.127171	-87.444397
5.644094	-91.608635	-138.420273
-24.287014	-27.789175	-84.039177
0.797484	-95.269814	-130.171341
-4.079775	-95.269814	-121.723686
23.329605	-27.789179	-166.51358
-24.15564	-38.256973	-88.273697
2.728185	-77.662056	-140.103775
-25.171545	-23.558527	-84.549866
-2.23496	-80.765854	-131.922134
-7.112219	-80.765854	-123.474472
22.445074	-23.558527	-167.024261
-11.716159	-77.662056	-115.085434
19.72809	-38.256973	-164.282547
-15.869851	-71.573753	-107.077415
16.252964	-51.485222	-160.031219
-19.413675	-62.734921	-99.758148
12.153247	-62.734921	-154.433655
-22.211445	-51.485222	-93.408913
7.586489	-71.573753	-147.704987
-17.926636	-47.824062	-108.2649
14.773455	-34.401333	-160.885406
-21.216463	-41.918144	-100.798988
10.35046	-41.918144	-155.474503
-23.690954	-34.401333	-94.263107
5.529704	-47.824062	-148.892471
-25.255013	-25.5625	-88.908424
0.496443	-51.892136	-141.392273
-25.848537	-15.741308	-84.94072
-4.555894	-53.966034	-133.262115
-9.433153	-53.966034	-124.814461
21.768082	-15.741306	-167.415131
-13.947901	-51.892136	-116.373932
18.628716	-25.5625	-164.917267
-26.214922	-5.527615	-85.152252
-5.811977	-18.950369	-133.98732
-10.689236	-18.950369	-125.539658
21.401697	-5.527614	-167.626663
-15.155712	-18.222111	-117.071259
18.033737	-8.976362	-165.260788
-19.039761	-16.793592	-108.907562
13.97275	-12.08015	-161.347702
-22.192125	-14.719704	-101.362289
9.374798	-14.719704	-156.037796
-24.491659	-12.08015	-94.725395
4.416578	-16.793592	-149.535141
-25.849991	-8.976362	-89.251938
-0.711368	-18.222111	-142.0896
13.972749	12.080131	-161.347702
-22.192127	14.719685	-101.362289
9.374796	14.719685	-156.037796
-24.491661	12.080131	-94.725395
4.416577	16.793558	-149.535141
-25.849993	8.976346	-89.251938
-0.71137	18.222075	-142.0896
-26.214924	5.52761	-85.152252
-5.811978	18.950323	-133.98732
-10.689237	18.950323	-125.539665
21.401695	5.527608	-167.626663
-15.155714	18.222075	-117.071259
18.033735	8.976345	-165.260788
-19.039762	16.793558	-108.907562
-4.555898	53.965996	-133.262115
-9.433157	53.965996	-124.814461
21.768082	15.741305	-167.415131
-13.947905	51.892113	-116.373932
18.628712	25.562487	-164.917267
-17.92664	47.824043	-108.2649
14.773453	34.401321	-160.885406
-21.216467	41.918137	-100.798988
10.350456	41.918137	-155.474503
-23.690956	34.401321	-94.263107
5.529699	47.824043	-148.892471
-25.255016	25.562489	-88.908424
0.496439	51.892113	-141.392273
-25.848537	15.741306	-84.94072
-19.413679	62.734932	-99.758148
12.153243	62.734932	-154.43367
-22.211449	51.485229	-93.408913
7.586483	71.573761	-147.704987
-24.155642	38.256977	-88.273697
2.728179	77.662056	-140.103775
-25.171547	23.558533	-84.549866
-2.234966	80.765846	-131.922134
-7.112225	80.765846	-123.474472
22.445072	23.558531	-167.024261
-11.716165	77.662056	-115.085434
19.728086	38.256973	-164.282547
-15.869857	71.573761	-107.077415
16.25296	51.485229	-160.031219
-4.079779	95.269814	-121.723686
23.329603	27.789188	-166.51358
-8.800254	91.608658	-113.401939
21.164488	45.127182	-163.453247
-13.182539	84.42701	-105.525894
18.186033	60.730968	-158.915161
-17.058226	74.000908	-98.398224
14.508698	74.000908	-153.073746
-20.278376	60.730968	-92.292854
10.273801	84.42701	-146.153473
-22.71924	45.127186	-87.444397
5.64409	91.608658	-138.420273
-24.287016	27.789188	-84.039185
0.79748	95.269814	-130.171356
17.058224	74.000908	-151.601776
-18.186035	60.73098	-91.084839
13.182534	84.427025	-144.474106
-21.16449	45.12719	-86.546753
8.800249	91.608665	-136.598068
-23.329605	27.78919	-83.48642
4.079776	95.269829	-128.276306
-0.797483	95.269829	-119.828651
24.287014	27.78919	-165.960815
-5.644094	91.608665	-111.579727
22.719238	45.12719	-162.555603
-10.273806	84.427025	-103.846535
20.278374	60.73098	-157.707153
-14.508699	74.000908	-96.926254
2.234964	80.765869	-118.077873
25.171547	23.558542	-165.450134
-2.728183	77.662086	-109.896225
24.15564	38.256992	-161.726303
-7.586486	71.573784	-102.295013
22.211447	51.485241	-156.591095
-12.153245	62.734951	-95.566338
19.413679	62.734951	-150.241852
-16.252962	51.485245	-89.968781
15.869854	71.573784	-142.922577
-19.728088	38.256992	-85.717453
11.716161	77.662086	-134.914566
-22.445072	23.558542	-82.975739
7.112222	80.765869	-126.525528
-14.773453	34.401352	-89.114586
17.92664	47.824081	-141.735092
-18.628712	25.56251	-85.082726
13.947903	51.892155	-133.626068
-21.768082	15.741319	-82.584869
9.433157	53.966038	-125.185539
4.555898	53.966038	-116.737877
25.848537	15.74132	-165.05928
-0.496441	51.892155	-108.607727
25.255014	25.562508	-161.091583
-5.529701	47.824081	-101.107529
23.690956	34.401344	-155.736893
-10.350458	41.918163	-94.525497
21.216465	41.918163	-149.201019
0.711369	18.222116	-107.9104
25.849993	8.976368	-160.748062
-4.416577	16.793596	-100.464859
24.491661	12.080157	-155.274597
-9.374796	14.719713	-93.962196
22.192127	14.719713	-148.637711
-13.972748	12.080159	-88.652298
19.039762	16.793596	-141.092438
-18.033735	8.976368	-84.739212
15.155713	18.222116	-132.928741
-21.401695	5.527623	-82.373337
10.689238	18.950367	-124.460342
5.811978	18.950367	-116.01268
26.214924	5.527624	-164.847748
-18.033735	-8.976345	-84.739212
15.155713	-18.222076	-132.928741
-21.401695	-5.527603	-82.373337
10.689238	-18.950323	-124.460342
5.811978	-18.950323	-116.01268
26.214924	-5.527602	-164.847748
0.711369	-18.222076	-107.9104
25.849993	-8.976343	-160.748062
-4.416576	-16.79356	-100.464859
24.491661	-12.080127	-155.274597
-9.374796	-14.719677	-93.962196
22.192127	-14.719677	-148.637711
-13.972748	-12.080126	-88.652298
19.039764	-16.79356	-141.092438
25.255016	-25.562487	-161.091583
-5.5297	-47.824051	-101.107529
23.690956	-34.401318	-155.736893
-10.350456	-41.918125	-94.525497
21.216467	-41.918125	-149.201004
-14.773453	-34.401321	-89.114586
17.92664	-47.824051	-141.735092
-18.628712	-25.562489	-85.082726
13.947904	-51.89212	-133.626068
-21.768082	-15.741301	-82.584869
9.433157	-53.965996	-125.185539
4.555899	-53.965996	-116.737877
25.848537	-15.741301	-165.05928
-0.49644	-51.89212	-108.607727
11.716162	-77.662048	-134.914566
-22.445072	-23.558525	-82.975731
7.112224	-80.765831	-126.525528
2.234966	-80.765831	-118.077873
25.171547	-23.558525	-165.450134
-2.728182	-77.662048	-109.896225
24.155642	-38.256969	-161.726303
-7.586485	-71.573761	-102.295013
22.211447	-51.485218	-156.591095
-12.153244	-62.734921	-95.566338
19.413679	-62.734921	-150.241852
-16.252962	-51.485218	-89.968781
15.869855	-71.573761	-142.922577
-19.728086	-38.256973	-85.717453
-18.186033	-60.730957	-91.084839
13.182536	-84.42701	-144.474106
-21.164488	-45.127171	-86.546753
8.800251	-91.608635	-136.598068
-23.329603	-27.789175	-83.48642
4.079778	-95.269798	-128.276306
-0.797481	-95.269798	-119.828651
24.287014	-27.789179	-165.960815
-5.644094	-91.608635	-111.579727
22.719238	-45.127174	-162.555603
-10.273804	-84.427002	-103.846535
20.278376	-60.730957	-157.707153
-14.508698	-74.000893	-96.926254
17.058224	-74.000893	-151.601776
