1.000000000000000082e-05
1.071519305237607005e-05
1.148153621496881719e-05
1.230268770812381065e-05
1.318256738556407435e-05
1.412537544622755495e-05
1.513561248436207138e-05
1.621810097358929842e-05
1.737800828749376387e-05
1.862087136662865725e-05
1.995262314968878622e-05
2.137962089502232305e-05
2.290867652767774899e-05
2.454708915685028560e-05
2.630267991895381412e-05
2.818382931264454874e-05
3.019951720402019201e-05
3.235936569296280900e-05
3.467368504525316757e-05
3.715352290971727777e-05
3.981071705534969458e-05
4.265795188015925705e-05
4.570881896148751641e-05
4.897788193684456093e-05
5.248074602497723268e-05
5.623413251903490700e-05
6.025595860743580595e-05
6.456542290346549114e-05
6.918309709189362545e-05
7.413102413009176311e-05
7.943282347242822084e-05
8.511380382023759500e-05
9.120108393559096371e-05
9.772372209558110971e-05
1.047128548050899619e-04
1.122018454301963009e-04
1.202264434617413111e-04
1.288249551693133660e-04
1.380384264602883837e-04
1.479108388168207295e-04
1.584893192461114190e-04
1.698243652461744297e-04
1.819700858609982642e-04
1.949844599758045584e-04
2.089296130854038740e-04
2.238721138568337788e-04
2.398832919019489897e-04
2.570395782768864759e-04
2.754228703338166195e-04
2.951209226666384115e-04
3.162277660168379394e-04
3.388441561392027332e-04
3.630780547701014001e-04
3.890451449942804976e-04
4.168693834703355054e-04
4.466835921509630485e-04
4.786300923226380496e-04
5.128613839913648362e-04
5.495408738576247707e-04
5.888436553555889425e-04
6.309573444801929842e-04
6.760829753919818602e-04
7.244359600749898306e-04
7.762471166286911712e-04
8.317637711026708769e-04
8.912509381337459322e-04
9.549925860214359069e-04
1.023292992280753523e-03
1.096478196143185150e-03
1.174897554939529059e-03
1.258925411794167490e-03
1.348962882591653182e-03
1.445439770745927987e-03
1.548816618912481112e-03
1.659586907437559777e-03
1.778279410038922752e-03
1.905460717963246243e-03
2.041737944669529733e-03
2.187761623949552054e-03
2.344228815319922537e-03
2.511886431509579437e-03
2.691534803926913955e-03
2.884031503126605490e-03
3.090295432513589027e-03
3.311311214825910908e-03
3.548133892335753221e-03
3.801893963205612691e-03
4.073802778041125949e-03
4.365158322401656646e-03
4.677351412871981126e-03
5.011872336272719421e-03
5.370317963702526953e-03
5.754399373371566623e-03
6.165950018614822260e-03
6.606934480075957357e-03
7.079457843841380389e-03
7.585775750291835935e-03
8.128305161640987653e-03
8.709635899560804612e-03
9.332543007969904686e-03
1.000000000000000021e-02
