1.805741317347514399e-03
1.758298976466524978e-03
1.662653424195687304e-03
1.565846563219161925e-03
1.468612045571761858e-03
1.371697052307241718e-03
1.275838184741423390e-03
1.181739484573814461e-03
1.090053664464184311e-03
1.001366419181910165e-03
9.161847789440689775e-04
8.349295612057254339e-04
7.579316235226659986e-04
6.854319531672494652e-04
6.175850269763742901e-04
5.544648028001854419e-04
4.960724396093796774e-04
4.423451485168688547e-04
3.931657308293260464e-04
3.483719676979517071e-04
3.077657459374007610e-04
2.711216692809805527e-04
2.381951987867681798e-04
2.087296740052442491e-04
1.824627685877292568e-04
1.591322716370001996e-04
1.384806291316538799e-04
1.202587922470414749e-04
1.042291885421315543e-04
9.016790688600770213e-05
7.786598449419586984e-05
6.713018342259185578e-05
5.778327150803928955e-05
4.966371787398240844e-05
4.262526727081183877e-05
3.653620127673848491e-05
3.127843989402830224e-05
2.674661727385384833e-05
2.284709290118833920e-05
1.949695303258065944e-05
1.662302540302902851e-05
1.416097558905187727e-05
1.205440662363249574e-05
1.025401627542563178e-05
8.716858583548742385e-06
7.405632654976740750e-06
6.288028296157804698e-06
5.336134606971012310e-06
4.525904200799667008e-06
3.836673431814738031e-06
3.250703254604698737e-06
2.752802190500549710e-06
2.329974586366410423e-06
1.971102370186683503e-06
1.666695766948681727e-06
1.408641799165541215e-06
1.190010025965193922e-06
1.004890138715075714e-06
8.482336507998002442e-07
7.157366131632653071e-07
6.037302264422506119e-07
5.090908801095492895e-07
4.291614381367665864e-07
3.616873615257192182e-07
3.047558258433148761e-07
2.567392639566927258e-07
2.162622839448966214e-07
1.821575882218746392e-07
1.534330735796027503e-07
1.292483695598748374e-07
1.088897409071503439e-07
9.175132165497617922e-08
7.732310191816987712e-08
6.517339622595659136e-08
5.493729728505626226e-08
4.631078432827456128e-08
3.903857541902067740e-08
3.290559980437452660e-08
2.773241046226046682e-08
2.336872468456180109e-08
1.968782204164066264e-08
1.658349485075520605e-08
1.396587518870137528e-08
1.175887340346011532e-08
9.898815969771734117e-09
8.332201088098096217e-09
7.012972500002505530e-09
5.902318467194153682e-09
4.968637075981620419e-09
4.183891036049273512e-09
3.524858451116536754e-09
2.972014356400172366e-09
2.508063293734809487e-09
2.118821731648794282e-09
1.792317685762180549e-09
1.518039615464704385e-09
1.287130243779928899e-09
1.092249838922005340e-09
9.275394996117934163e-10
7.878704492645175576e-10
7.236544336448297806e-10
