-3.487957320414675063e-08
-3.358811955959140765e-08
-3.227701627473396871e-08
-3.095130807186410423e-08
-2.961631686641860000e-08
-2.827754716627080534e-08
-2.694058641056486660e-08
-2.561100537245058616e-08
-2.429426058009418911e-08
-2.299560313749863872e-08
-2.171999662964620693e-08
-2.047204640097260344e-08
-1.925594166610778330e-08
-1.807541187864866051e-08
-1.693369632625717972e-08
-1.583352718363650090e-08
-1.477712368058460059e-08
-1.376619781003254527e-08
-1.280196852128457243e-08
-1.188518428621303107e-08
-1.101615238669077623e-08
-1.019477414446327611e-08
-9.420584436223925136e-09
-8.692793443995360264e-09
-8.010332183945139268e-09
-7.371896016594646520e-09
-6.775988051920222953e-09
-6.220960286344514173e-09
-5.705051410320385390e-09
-5.226420890409522506e-09
-4.783178433713757905e-09
-4.373411027615489275e-09
-3.995204252530200042e-09
-3.646661369910920508e-09
-3.325919167202901014e-09
-3.031160175441467698e-09
-2.760623467815302964e-09
-2.512612709565369473e-09
-2.285502644170083190e-09
-2.077743619117828316e-09
-1.887865153126747803e-09
-1.714478079877995188e-09
-1.556275169866741118e-09
-1.412031527024645735e-09
-1.280603721089475583e-09
-1.160927820175783376e-09
-1.052017052425411577e-09
-9.529586142529995742e-10
-8.629102012313402665e-10
-7.810958185886656927e-10
-7.068013788140122449e-10
-6.393709593480031837e-10
-5.782016970950786420e-10
-5.227404218777937779e-10
-4.724794041486257427e-10
-4.269526241404804702e-10
-3.857330968667781096e-10
-3.484294555182790676e-10
-3.146833120594492557e-10
-2.841670725796792576e-10
-2.565811938618063071e-10
-2.316525807224955157e-10
-2.091319438976816521e-10
-1.887925401054809546e-10
-1.704272593709893940e-10
-1.538478907928345491e-10
-1.388830367688310700e-10
-1.253765630515976889e-10
-1.131865299270901157e-10
-1.021841392549583851e-10
-9.225248627176808853e-11
-8.328613044202933742e-11
-7.518998981659144804e-11
-6.787832366114354052e-11
-6.127436329193547423e-11
-5.530934371672376313e-11
-4.992124510393654482e-11
-4.505455920072619730e-11
-4.065931359384288394e-11
-3.669047936295955358e-11
-3.310727251263039685e-11
-2.987297745496683905e-11
-2.695405100815748113e-11
-2.432042445898079445e-11
-2.194461294045841289e-11
-1.980181264388068578e-11
-1.786910465169637671e-11
-1.612626049480970649e-11
-1.455440523493383498e-11
-1.313633016257511523e-11
-1.185662679331020053e-11
-1.070091346022974250e-11
-9.656291680820572300e-12
-8.711233950431967295e-12
-7.855146632583310519e-12
-7.078636757001561605e-12
-6.373460799374073727e-12
-5.732458424586361116e-12
-5.149388034165968379e-12
-4.618617318536766158e-12
-4.135609106637550752e-12
