-3.523339386123801878e-08
-3.380319441656044449e-08
-3.237819297475375863e-08
-3.096148866787728501e-08
-2.955582338626307448e-08
-2.816375644586361971e-08
-2.678782645265771128e-08
-2.543067754070408819e-08
-2.409513639150088679e-08
-2.278423282044398936e-08
-2.150116763004278188e-08
-2.024923756259558208e-08
-1.903173158920278013e-08
-1.785181419428352384e-08
-1.671241021478020820e-08
-1.561610283457075508e-08
-1.456505241220134273e-08
-1.356094034249565682e-08
-1.260493835381313760e-08
-1.169770281349632634e-08
-1.083939009965210000e-08
-1.002968994247210295e-08
-9.267873494930234890e-09
-8.552850532368420312e-09
-7.883233268652123015e-09
-7.257402257588532684e-09
-6.673570806194934681e-09
-6.129844456103251411e-09
-5.624273457689135057e-09
-5.154895648609762004e-09
-4.719769103359378423e-09
-4.316994785323721387e-09
-3.944729860687318931e-09
-3.601193526966640452e-09
-3.284667357578564225e-09
-2.993492194734825878e-09
-2.726063824777252641e-09
-2.480828809570114108e-09
-2.256281338616621656e-09
-2.050962510741347732e-09
-1.863461321964571513e-09
-1.692417673119106386e-09
-1.536527455895230076e-09
-1.394547853519902534e-09
-1.265303527970158719e-09
-1.147691965689827851e-09
-1.040687745782856797e-09
-9.433452484399791270e-10
-8.547988399904489462e-10
-7.742614124745551051e-10
-7.010206628469546307e-10
-6.344338695350973262e-10
-5.739212743994455881e-10
-5.189595042137056866e-10
-4.690742298154583199e-10
-4.238338892060123182e-10
-3.828436801881612016e-10
-3.457405937255357925e-10
-3.121893846728679915e-10
-2.818792644691102054e-10
-2.545215859324694286e-10
-2.298480636722609409e-10
-2.076094177483341059e-10
-1.875744873124508717e-10
-1.695296025077427675e-10
-1.532778740760454668e-10
-1.386385971122947410e-10
-1.254467290903546274e-10
-1.135521024074767145e-10
-1.028186476502675798e-10
-9.312360931575132515e-11
-8.435671493607253905e-11
-7.641942563814650421e-11
-6.922411290331508183e-11
-6.269331074835021290e-11
-5.675902416943750381e-11
-5.136188086918403349e-11
-4.645028618714377374e-11
-4.197950823570232419e-11
-3.791081084946490076e-11
-3.421031880177843235e-11
-3.084820960238124220e-11
-2.779777248829535923e-11
-2.503470577664321009e-11
-2.253648520637316236e-11
-2.028191383873465123e-11
-1.825086340044230493e-11
-1.642406608618165189e-11
-1.478309593285932003e-11
-1.331036620877874525e-11
-1.198921104860733699e-11
-1.080397154419619158e-11
-9.740091211371637437e-12
-8.784216281907669958e-12
-7.924232798436815295e-12
-7.149310524893856993e-12
-6.449882052902903875e-12
-5.817610345065926703e-12
-5.245289713001642222e-12
-4.726740908816422392e-12
-4.256680390753022877e-12
