1.999739007427522083e-03
1.929610585362828094e-03
1.792373810619228526e-03
1.661415402132695486e-03
1.537038421326052508e-03
1.419249386917211409e-03
1.307858924370914082e-03
1.202575574358989621e-03
1.103082769694893562e-03
1.009093326654958694e-03
9.203795862433154264e-04
8.367822448114158214e-04
7.582029414978505230e-04
6.845867210718574371e-04
6.159002438837510394e-04
5.521105113201101380e-04
4.931672056995927518e-04
4.389902918936831573e-04
3.894629876242134553e-04
3.444296896220369305e-04
3.036979572119895927e-04
2.670430657871774205e-04
2.342145141733094295e-04
2.049434599323647014e-04
1.789502411199534436e-04
1.559517286416753552e-04
1.356680251814687836e-04
1.178281787431809254e-04
1.021747982784087903e-04
8.846750589354339758e-05
7.648510981277025639e-05
6.602664628805866810e-05
5.691143437063926787e-05
4.897832188025808133e-05
4.208438062686388850e-05
3.610325251636169208e-05
3.092335595220456918e-05
2.644614112736872334e-05
2.258443842497845664e-05
1.926100252762033248e-05
1.640729082055430828e-05
1.396239876397768375e-05
1.187221824508753707e-05
1.008874582564442708e-05
8.569494360975313276e-06
7.277018553940892477e-06
6.178481172498512880e-06
5.245273071200413746e-06
4.452638530326871021e-06
3.779299333349772074e-06
3.207091619905656471e-06
2.720602897031228063e-06
2.306808022180192038e-06
1.954732243542235200e-06
1.655139940681826877e-06
1.400248961163577730e-06
1.183491519033159245e-06
9.993034628966470219e-07
8.429541866035784781e-07
7.104050811365678801e-07
5.981944392561538745e-07
5.033484662122331690e-07
4.233071772895758155e-07
3.558634784483629958e-07
2.991163694360049735e-07
2.514315112959518269e-07
2.114053011168873036e-07
1.778362740470745903e-07
1.497001329574947252e-07
1.261256868387489913e-07
1.063741292956610208e-07
8.982040260778365597e-08
7.593707743688805505e-08
6.428040789266889662e-08
5.447760761304582328e-08
4.621687779530156808e-08
3.923890359333774231e-08
3.332900020305908953e-08
2.831015944316694428e-08
2.403761912938609345e-08
2.039333217657848291e-08
1.728082106140095533e-08
1.462124033691339925e-08
1.234957032559048007e-08
1.041172025685781385e-08
8.761952123728080124e-09
7.361120438901956829e-09
6.175305073062930704e-09
5.174779681731305165e-09
4.333381394274881782e-09
3.628001801000556468e-09
3.038271684563275575e-09
2.546276222349488796e-09
2.136381310966480167e-09
1.795055343664167673e-09
1.510683928677112722e-09
1.273408214656726725e-09
1.074957757813049777e-09
9.084832994772978162e-10
7.683607968028072098e-10
7.042558896458771543e-10
