-3.518484200460469245e-08
-3.392038118513684594e-08
-3.262740635318664177e-08
-3.131172765878401566e-08
-2.997954425012826156e-08
-2.863730530059871662e-08
-2.729157923513689733e-08
-2.594892184156569129e-08
-2.461574041973271131e-08
-2.329818460476081537e-08
-2.200204331737149728e-08
-2.073264866177739667e-08
-1.949482617053434863e-08
-1.829282563299961722e-08
-1.713030648203667645e-08
-1.601031762068390707e-08
-1.493530148172981321e-08
-1.390711319305773094e-08
-1.292703624059706048e-08
-1.199583414488000141e-08
-1.111378808830290653e-08
-1.028074132898965114e-08
-9.496142685288263877e-09
-8.759121345424922616e-09
-8.068507374193119099e-09
-7.422901863693454589e-09
-6.820713117818613423e-09
-6.260198565981958999e-09
-5.739506613148531645e-09
-5.256712288912414455e-09
-4.809845711904642926e-09
-4.396916649502969006e-09
-4.015942327458858484e-09
-3.664966416569121365e-09
-3.342071040373209727e-09
-3.045394210227390197e-09
-2.773135321570421457e-09
-2.523570416259272148e-09
-2.295053200599270058e-09
-2.086018748881291796e-09
-1.894985472247626091e-09
-1.720558012064165245e-09
-1.561428500155296120e-09
-1.416365581962196798e-09
-1.284228161584528045e-09
-1.163946639542849144e-09
-1.054530925377005310e-09
-9.550602551185157570e-10
-8.646848479671743329e-10
-7.826180842564094851e-10
-7.081356996744291259e-10
-6.405693076435471225e-10
-5.793047892184897786e-10
-5.237788918827898835e-10
-4.734732964202430717e-10
-4.279162888662071329e-10
-3.866739414573618491e-10
-3.493494503689869892e-10
-3.155804904713276382e-10
-2.850397758473686902e-10
-2.574203830155255559e-10
-2.324513337811016600e-10
-2.098877159674625000e-10
-1.894985435979620508e-10
-1.710739051761993796e-10
-1.544305521458993690e-10
-1.393973706156002440e-10
-1.258197186482161485e-10
-1.135588880569937502e-10
-1.024826051376810488e-10
-9.248523475443936771e-11
-8.345840098175018846e-11
-7.531621428312329921e-11
-6.796188096413199842e-11
-6.132380199204646335e-11
-5.534106402939013425e-11
-4.993642460852870550e-11
-4.505665000591492528e-11
-4.065834444569246741e-11
-3.668644514532272286e-11
-3.310564047003952121e-11
-2.987115335489560173e-11
-2.695178197518137229e-11
-2.431622765552745182e-11
-2.193416002343803938e-11
-1.978526648133790849e-11
-1.784270647501077839e-11
-1.609872544306992344e-11
-1.451611532608027312e-11
-1.309934546175325475e-11
-1.180902923196641513e-11
-1.065687626027184966e-11
-9.617430464122063226e-12
-8.675595760636985179e-12
-7.830660228727265547e-12
-7.068651087849221273e-12
-6.383996306773772085e-12
-5.764965463436295376e-12
-5.196007780627102628e-12
-4.700655666710181101e-12
-4.249594567794125232e-12
