1.767999304896705455e-03
1.727600075250936050e-03
1.644718551046861878e-03
1.558144027814613048e-03
1.468856337562656584e-03
1.377875145651634827e-03
1.286216380121950808e-03
1.194864756061384849e-03
1.104741741850373462e-03
1.016678863623330428e-03
9.314082927040468699e-04
8.495450771028422842e-04
7.715856153513271642e-04
6.979092123101853038e-04
6.287779647518262384e-04
5.643497277725830971e-04
5.046855939581687241e-04
4.497651871449385172e-04
3.994965758225645959e-04
3.537278377467228735e-04
3.122636955600010503e-04
2.748766635452596610e-04
2.413128693674537956e-04
2.113051674318034855e-04
1.845815392759337639e-04
1.608681585803579028e-04
1.398980633798523998e-04
1.214132992322181033e-04
1.051678607773078348e-04
9.093045149658633209e-05
7.848603338988735197e-05
6.763577233979427739e-05
5.819710009492370831e-05
5.000426157573477739e-05
4.290734836529105575e-05
3.677155150046012465e-05
3.147611929474517889e-05
2.691335404151538158e-05
2.298805213380772901e-05
1.961613153624929635e-05
1.672350090317820774e-05
1.424501327803819788e-05
1.212402761180277186e-05
1.031093511256381322e-05
8.762566685669306727e-06
7.441666266698303774e-06
6.315810879682002050e-06
5.357042417328977159e-06
4.541204230989793705e-06
3.847531900474821365e-06
3.258161541546436338e-06
2.757773602736970592e-06
2.333184244136254542e-06
1.973147737589965283e-06
1.668003758192136541e-06
1.409505892787974635e-06
1.190671729818723974e-06
1.005505705313424841e-06
8.488560418498371864e-07
7.164458802057616903e-07
6.045761660302644277e-07
5.099833694349894388e-07
4.300861765806847146e-07
3.627022432734901789e-07
3.058282198262413367e-07
2.578130366511588070e-07
2.173193237205897969e-07
1.831623427904254235e-07
1.543878958443160184e-07
1.301105501202485311e-07
1.096166349693595171e-07
9.232580824303100493e-08
7.776810687588734893e-08
6.553376945142915288e-08
5.516594327324035240e-08
4.645045266029609764e-08
3.915162620278331263e-08
3.296409972547095927e-08
2.775268266279526582e-08
2.337135536158138678e-08
1.968119264828199422e-08
1.658518507767127222e-08
1.397170394578455697e-08
1.177769956320854807e-08
9.925833635734216265e-09
8.364477727006996744e-09
7.034475110015595894e-09
5.922865597528536204e-09
4.985003275787337247e-09
4.197663425563374119e-09
3.535754836724216263e-09
2.960309833620444176e-09
2.497409449564813448e-09
2.102261826747031820e-09
1.764329557921844525e-09
1.482430570959762025e-09
1.246615971767906261e-09
1.059862399834514079e-09
8.869711390276810366e-10
7.355084024831863588e-10
6.757905063139419465e-10
