1.768041194232261278e-03
1.726588130002524842e-03
1.641876843131943615e-03
1.553998240506961146e-03
1.463862118999142590e-03
1.372411322481139695e-03
1.280589329595421865e-03
1.189309625474412871e-03
1.099429578776412071e-03
1.011727345809652857e-03
9.268867038402689744e-04
8.454867731504636837e-04
7.679956881557952007e-04
6.947706588184067748e-04
6.260618055851837607e-04
5.620187024692968819e-04
5.026994208414261667e-04
4.480819459260839029e-04
3.980757928288503815e-04
3.525335002485358808e-04
3.112632945836702196e-04
2.740398561341828715e-04
2.406141502438502628e-04
2.107229603868154225e-04
1.840964605099371977e-04
1.604644938182064602e-04
1.395620266771335413e-04
1.211331693671415481e-04
1.049340580078911967e-04
9.073520901349770333e-05
7.832253812954729751e-05
6.749834516433176463e-05
5.808137292215217871e-05
4.990657774537930145e-05
4.282472112344835126e-05
3.670142937443187655e-05
3.141654502002859167e-05
2.686293690969480998e-05
2.294560339324248021e-05
1.958053737803988238e-05
1.669380650357218232e-05
1.422054786277134190e-05
1.210399140299776459e-05
1.029467343179679771e-05
8.749543734961681690e-06
7.431249848914676660e-06
6.307474570637440614e-06
5.350314980835396372e-06
4.535712690336691909e-06
3.842939448089179899e-06
3.254205527121036715e-06
2.754254834796689857e-06
2.329966630341310658e-06
1.970133424335248976e-06
1.665175261071452629e-06
1.406853595585220297e-06
1.188186609418870850e-06
1.003170319985875618e-06
8.467043215722217722e-07
7.144514063189123648e-07
6.026916201143556476e-07
5.083003225472556743e-07
4.285862314541431084e-07
3.612929425710034975e-07
3.045113645394269401e-07
2.566121841959748905e-07
2.162223811889597308e-07
1.821724479651428560e-07
1.534851043313499527e-07
1.293281028404622789e-07
1.089787362749501583e-07
9.183493415589052467e-08
7.739823648155973562e-08
6.524184065681388290e-08
5.499734528991605816e-08
4.635445227088688496e-08
3.907210109717658594e-08
3.293398952700823176e-08
2.775077595460396026e-08
2.337838278320344806e-08
1.969462567416917123e-08
1.658475567907648211e-08
1.396144731717914874e-08
1.175432472501518234e-08
9.890137783204228825e-09
8.323274138520832506e-09
7.001515950821582238e-09
5.888305306419694201e-09
4.955938950205351130e-09
4.170655898191986755e-09
3.512264693929174533e-09
2.959858786366379554e-09
2.494488336913711570e-09
2.105100618283097273e-09
1.779131909770634051e-09
1.504193020303789901e-09
1.273875532802285971e-09
1.080218476243919115e-09
9.154706529081403283e-10
7.757393535056871313e-10
7.116621664113875998e-10
