-3.506956591040140706e-08
-3.380507513197180097e-08
-3.251368339627152393e-08
-3.120097532906991565e-08
-2.987290442401759426e-08
-2.853567602652088696e-08
-2.719562057089927879e-08
-2.585906944425834079e-08
-2.453223191272168416e-08
-2.322108307953691646e-08
-2.193126497282883220e-08
-2.066799950129217691e-08
-1.943602021604104307e-08
-1.823952213459138767e-08
-1.708212702674013976e-08
-1.596686665661131514e-08
-1.489618108698274771e-08
-1.387193217568567603e-08
-1.289542521977180094e-08
-1.196744442676520544e-08
-1.108829385536201134e-08
-1.025784128078406561e-08
-9.475568894425192941e-09
-8.740623238544668680e-09
-8.051863916153268562e-09
-7.407912489794400578e-09
-6.807198299773000652e-09
-6.248000009217771459e-09
-5.728484753905285849e-09
-5.246743253647853081e-09
-4.800818828358778468e-09
-4.388737858923942522e-09
-4.008527904318205154e-09
-3.658242651908470273e-09
-3.335972672325772678e-09
-3.039863306914560011e-09
-2.768121772588435056e-09
-2.519027012321408619e-09
-2.290935060763572355e-09
-2.082283073292041315e-09
-1.891593043046818433e-09
-1.717470962502649006e-09
-1.558608530611958479e-09
-1.413780948457812681e-09
-1.281844904227395547e-09
-1.161736794658312631e-09
-1.052468823919761908e-09
-9.531258839372587877e-10
-8.628609561890295004e-10
-7.808921569753474866e-10
-7.064986658897062013e-10
-6.390159642925462826e-10
-5.778323168832364477e-10
-5.223868688283755977e-10
-4.721628123500054972e-10
-4.266870930071096667e-10
-3.855271069368192495e-10
-3.482845018466566757e-10
-3.145991210060007635e-10
-2.841379869927778038e-10
-2.566013113066718470e-10
-2.317137117005763776e-10
-2.092255797185333324e-10
-1.889109506067574158e-10
-1.705629169655704689e-10
-1.539941524148064900e-10
-1.390341365174617734e-10
-1.255279294029995172e-10
-1.133354355817929355e-10
-1.023275211572958324e-10
-9.238838734802870418e-11
-8.341402153218798637e-11
-7.531033041370253734e-11
-6.799122040860713354e-11
-6.138007304930416091e-11
-5.540849997678202817e-11
-5.001631607077644087e-11
-4.514487006523538461e-11
-4.074643385638925562e-11
-3.677527122308880664e-11
-3.319132079330301372e-11
-2.995537797236888466e-11
-2.703773172513593826e-11
-2.440456003775853634e-11
-2.203027178548145092e-11
-1.988994966247778718e-11
-1.795911686618222572e-11
-1.622049367411756447e-11
-1.465228119311691474e-11
-1.323823134712752586e-11
-1.196306973117520910e-11
-1.081151817613308327e-11
-9.771774428163277404e-12
-8.832663357392963443e-12
-7.982305674533972653e-12
-7.212117558900761839e-12
-6.514189271589700052e-12
-5.879803019227711721e-12
-5.303631727791923466e-12
-4.780504035215599359e-12
-4.305500145933245144e-12
